ambient[]={1.000000,1.000000,1.000000,1.000000};
diffuse[]={1.000000,1.000000,1.000000,1.000000};
forcedDiffuse[]={0.000000,0.000000,0.000000,0.000000};
emmisive[]={0.000000,0.000000,0.000000,1.000000};
specular[]={0.200000,0.200000,0.200000,0.200000};
specularPower=10.000000;
PixelShaderID="Normal";
VertexShaderID="Basic";